13054408021
13108014018
19172790968
19179050000
14787339420
16173224384
18052595084
13862370521
12066973165
14805704606
12152722041
15103640012
19178225140
18584650255
16616707441
18437293862
18472223009
18572378989
13605615241
17132692215
12488853126
16262006847
19542887565
16037671286
15402128351
13605000999
19293910297
17023362112
19174941834
12016740680
19166281836
15032698051
19179152530
17743869249
16308624106
16266793414
18183557564
12678080873
16197639450
12162878228
18479221816
19094909917
19175728895
15713388586
18476090762
